$mp2:adz
O            0.958255226656     0.113011011873     0.000000000000    15.994914619570
H            0.958255226656    -0.863355275216     0.000000000000     1.007825032230
O           -0.958255226656    -0.113238798534     0.000000000000    15.994914619570
H           -0.958255226656     0.866970414838     0.000000000000     1.007825032230
$mp2:atz
O            0.943514833442     0.116647410185     0.000000000000    15.994914619570
H            0.943514833442    -0.851717796461     0.000000000000     1.007825032230
O           -0.943514833442    -0.116875196847     0.000000000000    15.994914619570
H           -0.943514833442     0.855332936083     0.000000000000     1.007825032230
$mp2:aqz
O            0.942580804230     0.113919003260     0.000000000000    15.994914619570
H            0.942580804230    -0.853402669995     0.000000000000     1.007825032230
O           -0.942580804230    -0.114146789922     0.000000000000    15.994914619570
H           -0.942580804230     0.857017809617     0.000000000000     1.007825032230
$mp2:a5z
O            0.941674373673     0.114722068697    -0.000113893331    15.994914619570
H            0.941674373673    -0.853762077728     0.001807569811     1.007825032230
O           -0.941674373673    -0.114722068697    -0.000113893331    15.994914619570
H           -0.941674373673     0.853762077728     0.001807569811     1.007825032230
$ccsd(t):adz
O            1.006884619798     0.105613410082     0.000000000000    15.994914619570
H            1.006884619798    -0.870060063702     0.000000000000     1.007825032230
O           -1.006884619798    -0.105841196744     0.000000000000    15.994914619570
H           -1.006884619798     0.873675203324     0.000000000000     1.007825032230
$ccsd(t):atz
O    -0.9936028697   0.1152919935   0.0000000000
H    -0.9984947986  -0.8568840694   0.0000000000
O     0.9936028697  -0.1152919935   0.0000000000
H     0.9984947986   0.8568840694   0.0000000000
$ccsd(t):aqz
O    -0.9884228527   0.1150886504   0.0000000000
H    -0.9951310720  -0.8544507439   0.0000000000
O     0.9884228527  -0.1150886504   0.0000000000
H     0.9951310720   0.8544507439   0.0000000000
$ccsd(t):a5z
O    -0.9873413902   0.1151288714   0.0000000000
H    -0.9943277819  -0.8539421622   0.0000000000
O     0.9873413902  -0.1151288714   0.0000000000
H     0.9943277819   0.8539421622   0.0000000000
$optavc
O -1.930408  0.221874  0.000000
H -1.880380 -1.611116  0.000000
O  1.930408 -0.221874  0.000000
H  1.880380  1.611116  0.000000

